[0, 0, 1, 0, 0]
1 0.0 0.0 75 -0.00015997886657714844
[0, 0, 1, 0, 0]
1 0.0 0.0 75 -0.02142500877380371
[0, 0, 1, 0, 0]
1 0.0 0.0 85 -0.021457910537719727
[0, 0, 1, 0, 0]
1 0.0 0.0 72 -0.022072315216064453
[0, 0, 1, 0, 0]
1 0.0 0.0 72 -0.02134847640991211
[0, 0, 1, 0, 0]
1 0.0 0.0 72 -0.021349430084228516
[0, 0, 1, 0, 0]
1 0.0 0.0 72 -0.021270751953125
[0, 0, 1, 0, 0]
1 0.0 0.0 103 -0.021466970443725586
[0, 0, 1, 0, 0]
1 0.0 0.0 85 -0.023401260375976562
[0, 0, 1, 0, 0]
1 0.0 0.0 84 -0.02215886116027832
[0, 1, 1, 0, 0]
2 -0.5 -5.890007972717285 92 -0.02199840545654297
[0, 1, 1, 0, 0]
2 -0.5 -5.887285232543945 70 -0.022542953491210938
[0, 1, 1, 0, 0]
2 -0.5 -5.893876314163208 67 -0.0212247371673584
[0, 1, 1, 0, 0]
2 -0.5 -5.894683361053467 92 -0.02106332778930664
[0, 1, 1, 0, 0]
2 -0.5 -5.88736629486084 93 -0.02252674102783203
[0, 1, 1, 0, 0]
2 -0.5 -5.887397289276123 78 -0.02252054214477539
[0, 1, 1, 0, 0]
2 -0.5 -5.891537427902222 87 -0.021692514419555664
[0, 1, 1, 0, 0]
2 -0.5 -5.889160394668579 67 -0.02216792106628418
[0, 1, 1, 0, 0]
2 -0.5 -5.8948729038238525 61 -0.021025419235229492
[0, 1, 1, 0, 0]
2 -0.5 -5.896425008773804 83 -0.020714998245239258
[0, 0, 1, 0, 0]
1 0.0 0.0 61 -0.02194666862487793
[0, 0, 1, 1, 0]
2 0.5 5.895669221878052 67 -0.02086615562438965
[0, 0, 1, 1, 0]
2 0.5 5.893798828125 71 -0.021240234375
[0, 0, 1, 1, 0]
2 0.5 5.89332914352417 69 -0.021334171295166016
[0, 0, 1, 1, 0]
2 0.5 5.894201755523682 68 -0.021159648895263672
[0, 0, 0, 1, 0]
1 1.0 11.788687229156494 66 -0.021131277084350586
[0, 0, 0, 1, 0]
1 1.0 11.787759780883789 58 -0.021224021911621094
[0, 0, 0, 1, 0]
1 1.0 11.751462936401367 61 -0.02485370635986328
[0, 0, 0, 1, 1]
2 1.5 17.624723196029663 56 -0.02501845359802246
[0, 0, 0, 1, 1]
2 1.5 17.62833523750305 57 -0.024777650833129883
[0, 0, 0, 1, 1]
2 1.5 17.625728130340576 71 -0.024951457977294922
[0, 0, 0, 1, 1]
2 1.5 17.615496397018433 69 -0.025633573532104492
[0, 0, 0, 1, 1]
2 1.5 17.61751699447632 70 -0.02549886703491211
[0, 0, 0, 1, 0]
1 1.0 11.74424123764038 87 -0.025575876235961914
[0, 0, 0, 1, 0]
1 1.0 11.73050594329834 66 -0.026949405670166016
[0, 0, 1, 1, 0]
2 0.5 5.871968030929565 95 -0.025606393814086914
[0, 0, 1, 1, 0]
2 0.5 5.864706993103027 92 -0.02705860137939453
[0, 0, 1, 1, 0]
2 0.5 5.86567497253418 93 -0.026865005493164062
[0, 0, 1, 1, 0]
2 0.5 5.865225553512573 90 -0.02695488929748535
[0, 0, 1, 1, 0]
2 0.5 5.866504669189453 90 -0.026699066162109375
[0, 0, 1, 1, 0]
2 0.5 5.866461753845215 87 -0.02670764923095703
[0, 0, 1, 1, 0]
2 0.5 5.867243766784668 149 -0.026551246643066406
[0, 0, 1, 1, 0]
2 0.5 5.848933219909668 84 -0.030213356018066406
[0, 0, 1, 1, 0]
2 0.5 5.867938756942749 146 -0.026412248611450195
[0, 0, 1, 1, 0]
2 0.5 5.8500096797943115 144 -0.029998064041137695
[0, 0, 1, 1, 0]
2 0.5 5.849438667297363 141 -0.030112266540527344
[0, 0, 1, 1, 0]
2 0.5 5.85072135925293 139 -0.029855728149414062
[0, 0, 1, 1, 0]
2 0.5 5.85159158706665 137 -0.029681682586669922
[0, 0, 1, 1, 0]
2 0.5 5.8525965213775635 134 -0.029480695724487305
[0, 0, 1, 1, 0]
2 0.5 5.853177070617676 136 -0.029364585876464844
[0, 0, 1, 1, 0]
2 0.5 5.852471351623535 130 -0.02950572967529297
[0, 0, 1, 1, 0]
2 0.5 5.854612350463867 129 -0.029077529907226562
[0, 0, 1, 1, 0]
2 0.5 5.854656457901001 127 -0.029068708419799805
[0, 0, 1, 1, 0]
2 0.5 5.855469465255737 125 -0.02890610694885254
[0, 0, 1, 1, 0]
2 0.5 5.856159687042236 122 -0.028768062591552734
[0, 0, 1, 1, 0]
2 0.5 5.856348037719727 121 -0.028730392456054688
[0, 0, 1, 1, 0]
2 0.5 5.855661392211914 119 -0.028867721557617188
[0, 0, 1, 1, 0]
2 0.5 5.857308864593506 117 -0.028538227081298828
[0, 0, 1, 1, 0]
2 0.5 5.858196973800659 116 -0.028360605239868164
[0, 0, 1, 1, 0]
2 0.5 5.8585426807403564 113 -0.02829146385192871
[0, 0, 1, 1, 0]
2 0.5 5.8591578006744385 112 -0.028168439865112305
[0, 0, 1, 1, 0]
2 0.5 5.859682321548462 111 -0.028063535690307617
[0, 0, 1, 1, 0]
2 0.5 5.860001802444458 109 -0.0279996395111084
[0, 0, 1, 1, 0]
2 0.5 5.860736131668091 107 -0.027852773666381836
[0, 0, 1, 1, 0]
2 0.5 5.861278533935547 105 -0.027744293212890625
[0, 0, 1, 1, 0]
2 0.5 5.86215353012085 103 -0.027569293975830078
[0, 0, 1, 0, 0]
1 0.0 0.0 104 -0.027639150619506836
[0, 0, 1, 0, 0]
1 0.0 0.0 100 -0.027881860733032227
[0, 1, 1, 0, 0]
2 -0.5 -5.862852096557617 98 -0.027429580688476562
[0, 1, 1, 0, 0]
2 -0.5 -5.86390233039856 100 -0.027219533920288086
[0, 1, 1, 0, 0]
2 -0.5 -5.86346960067749 96 -0.027306079864501953
[0, 1, 1, 0, 0]
2 -0.5 -5.864373207092285 94 -0.02712535858154297
[0, 1, 0, 0, 0]
1 -1.0 -11.730472564697266 95 -0.026952743530273438
[0, 1, 0, 0, 0]
1 -1.0 -11.729771614074707 92 -0.027022838592529297
[1, 1, 0, 0, 0]
2 -1.5 -17.59657073020935 88 -0.02689528465270996
[1, 1, 0, 0, 0]
2 -1.5 -17.60050106048584 86 -0.026633262634277344
[1, 1, 0, 0, 0]
2 -1.5 -17.602375030517578 84 -0.026508331298828125
[1, 1, 0, 0, 0]
2 -1.5 -17.601927995681763 82 -0.02653813362121582
[1, 1, 0, 0, 0]
2 -1.5 -17.601194858551025 80 -0.02658700942993164
[1, 1, 0, 0, 0]
2 -1.5 -17.605947732925415 80 -0.026270151138305664
[0, 1, 0, 0, 0]
1 -1.0 -11.738385677337646 76 -0.02616143226623535
[0, 1, 0, 0, 0]
1 -1.0 -11.740307331085205 74 -0.025969266891479492
[0, 1, 1, 0, 0]
2 -0.5 -5.8712992668151855 72 -0.02574014663696289
[0, 1, 1, 0, 0]
2 -0.5 -5.871331453323364 71 -0.02573370933532715
[0, 1, 1, 0, 0]
2 -0.5 -5.872168302536011 70 -0.02556633949279785
[0, 1, 1, 0, 0]
2 -0.5 -5.872086048126221 67 -0.02558279037475586
[0, 1, 1, 0, 0]
2 -0.5 -5.873206615447998 66 -0.02535867691040039
[0, 1, 1, 0, 0]
2 -0.5 -5.873087406158447 62 -0.025382518768310547
[0, 1, 1, 0, 0]
2 -0.5 -5.874597787857056 61 -0.025080442428588867
[0, 1, 1, 0, 0]
2 -0.5 -5.873964786529541 59 -0.025207042694091797
[0, 1, 1, 0, 0]
2 -0.5 -5.875367879867554 57 -0.024926424026489258
[0, 1, 1, 0, 0]
2 -0.5 -5.876277446746826 56 -0.024744510650634766
[0, 1, 1, 0, 0]
2 -0.5 -5.875161647796631 53 -0.024967670440673828
[0, 1, 1, 0, 0]
2 -0.5 -5.876277446746826 53 -0.024744510650634766
[0, 1, 0, 0, 0]
1 -1.0 -11.754829406738281 50 -0.024517059326171875
[1, 1, 0, 0, 0]
2 -1.5 -17.633570909500122 49 -0.024428606033325195
[1, 1, 0, 0, 0]
2 -1.5 -17.63560938835144 47 -0.024292707443237305
[1, 1, 0, 0, 0]
2 -1.5 -17.636889696121216 44 -0.024207353591918945
[1, 0, 0, 0, 0]
1 -2.0 -23.51796531677246 44 -0.024101734161376953
[1, 0, 0, 0, 0]
1 -2.0 -23.518699645996094 42 -0.024065017700195312
[1, 0, 0, 0, 0]
1 -2.0 -23.52186107635498 40 -0.023906946182250977
[1, 0, 0, 0, 0]
1 -2.0 -23.521894454956055 38 -0.023905277252197266
[1, 0, 0, 0, 0]
1 -2.0 -23.514236450195312 36 -0.024288177490234375
[1, 0, 0, 0, 0]
1 -2.0 -23.524497985839844 35 -0.023775100708007812
[1, 0, 0, 0, 0]
1 -2.0 -23.53026294708252 33 -0.023486852645874023
[1, 0, 0, 0, 0]
1 -2.0 -23.53195571899414 32 -0.02340221405029297
[1, 1, 0, 0, 0]
2 -1.5 -17.65022563934326 30 -0.02331829071044922
[1, 1, 0, 0, 0]
2 -1.5 -17.65147376060486 29 -0.023235082626342773
[1, 1, 0, 0, 0]
2 -1.5 -17.643713235855103 27 -0.023752450942993164
[1, 1, 0, 0, 0]
2 -1.5 -17.646892547607422 26 -0.023540496826171875
[1, 1, 0, 0, 0]
2 -1.5 -17.645090103149414 26 -0.023660659790039062
[0, 1, 0, 0, 0]
1 -1.0 -11.765160083770752 23 -0.023483991622924805
[0, 1, 0, 0, 0]
1 -1.0 -11.765357971191406 22 -0.023464202880859375
[0, 1, 1, 0, 0]
2 -0.5 -5.88376259803772 22 -0.023247480392456055
[0, 1, 1, 0, 0]
2 -0.5 -5.87857460975647 20 -0.024285078048706055
2.9065239429473877

